1.975364186587142967e-01	1.019212238036753782e+01	2.376219903649667842e+00	4.257386661542909678e+00
7.106270120289082115e-03	9.930109825974703597e+00	2.909722370626241172e+00	4.854414522284770328e+00
6.181117009366232651e-02	1.002518695993527587e+01	3.125971781416834183e+00	4.458273651571261098e+00
1.171071469705253776e-02	9.947888619495419249e+00	3.217602744608548448e+00	4.427790610270250227e+00
1.346703085582277026e-01	1.017502378432433652e+01	3.376956239778151847e+00	4.552887133005981468e+00
8.344164808930543131e-02	1.006148960712531881e+01	2.829499282493758372e+00	4.817172282878487977e+00
7.734013781070103732e-02	1.006570453529420739e+01	3.815310992164152815e+00	4.909494274007045078e+00
1.489696161706177691e-01	1.019695268485272877e+01	2.944435998667548127e+00	3.913853639392186778e+00
2.381530857794444955e-02	9.957804773606854454e+00	3.178228591072437936e+00	4.855906781922868731e+00
2.301178744426124467e-02	9.951854752397141013e+00	2.811636816095746561e+00	4.938199037218396370e+00
1.442038881659186700e-01	1.018657365648489055e+01	3.174771803468928510e+00	4.879287978277886850e+00
1.088337696078056638e-01	1.013241868152193170e+01	3.985956189646418402e+00	4.841282987393299209e+00
5.488666787878315745e-02	1.004970170056589218e+01	3.098769058297597745e+00	2.201236864437987606e+00
1.812327671849800481e-01	1.021021564540721016e+01	2.877330713737765500e+00	4.733844738250496675e+00
5.127081115335840877e-02	9.977770961168378250e+00	2.162264417835470631e+00	4.979329546723107569e+00
1.798994910541580339e-01	1.019472074642708037e+01	2.309370281890829268e+00	4.975914787060105482e+00
7.083122418293896772e-02	1.001611186285283672e+01	2.203488887992762990e+00	4.542986263970789196e+00
8.005689936391746642e-02	1.003336732487262850e+01	2.294722789393855322e+00	4.946988836565907377e+00
4.630126698342706959e-02	9.992730948100916777e+00	3.474715965696850262e+00	4.960509506968321602e+00
1.248985291004345299e-02	9.935184958392435206e+00	2.924518353487814082e+00	4.908311478539559403e+00
1.141897806619454059e-01	1.009981573167066848e+01	2.211586836689254376e+00	4.874476704537585192e+00
1.399952359920035860e-01	1.017865715054879772e+01	2.892177983981600420e+00	4.792350800855984971e+00
1.510311019576775493e-01	1.019761319585295389e+01	3.556081226706296228e+00	4.557265516733053801e+00
1.944488730701010581e-01	1.020962769821273852e+01	2.910808565625817579e+00	2.942092686505020538e+00
1.977111906185058388e-01	1.020034581274079422e+01	2.696903410876026363e+00	4.414843319858107407e+00
7.758151273474567233e-02	1.004817766225550990e+01	3.033941056573301154e+00	4.893819307393840745e+00
9.236649740090996374e-02	1.010956568930639854e+01	3.564742963948995147e+00	4.286120471334157855e+00
1.593467565388451135e-01	1.020380099360803605e+01	2.914598367601171525e+00	4.196961157973703394e+00
2.215263940415468369e-02	9.992421649794184901e+00	3.472062642988769099e+00	2.683681857000578930e+00
4.818898157144957395e-02	1.001544946058296404e+01	3.371285545474240308e+00	4.401304801836431579e+00
1.645549604160834178e-02	9.948231434098953940e+00	3.080039161636860534e+00	4.987359953446372174e+00
1.048620775926636384e-01	1.009838057464406802e+01	2.972083831868851611e+00	4.932581382503485656e+00
1.500812712451562447e-01	1.022475527517648430e+01	2.112902171739178492e+00	4.246049766367747225e+00
1.511334798481698272e-01	1.019290560338224161e+01	2.280204951589308138e+00	4.836519414534734551e+00
1.431777941380403263e-01	1.020105289808069493e+01	2.191965409485913341e+00	4.813119910909136934e+00
1.843053275336501429e-01	1.019567958378694961e+01	2.698803684461419827e+00	5.160094639931031679e+00
1.809189368136756570e-01	1.019962891069778976e+01	3.840971310793063864e+00	5.145828219490113042e+00
9.985789242847431524e-03	9.936350544467533297e+00	2.839217082826463567e+00	4.964224299377093530e+00
5.150824337370352168e-03	9.915183396580879105e+00	2.848525492750653143e+00	5.024421529767323591e+00
1.897987949647301775e-01	1.020160241611528740e+01	3.357274539411212011e+00	4.058094696279141544e+00
1.735119925917842920e-01	1.022167404683532865e+01	2.559999842092191003e+00	5.026539819522128028e+00
9.727762276963147769e-02	1.009865029732585739e+01	3.131743144471379914e+00	5.012446398745026954e+00
7.825997784882332553e-02	1.003607024156668714e+01	2.127131708145978628e+00	4.260594402183414786e+00
8.959945376162181674e-03	9.943570469026854042e+00	3.020917565176255870e+00	4.854038008148478411e+00
1.538529600680504927e-02	9.966202628765568505e+00	3.242130085455551480e+00	3.825605475934253263e+00
1.064186000207811844e-01	1.009495206543027557e+01	2.466920793486849561e+00	4.900928862670554054e+00
2.709647592967456831e-02	9.990876402334128770e+00	3.174891697448211758e+00	3.257168501100835556e+00
9.554381140939938177e-02	1.005377257693024617e+01	2.072718180399218291e+00	4.865542190725363980e+00
1.164094891103317764e-01	1.012210789829362767e+01	2.626542800953960644e+00	4.612782568856260923e+00
1.120952777443591231e-01	1.013850630893221094e+01	3.299140362381880465e+00	4.824480074572562671e+00
1.202646981327148978e-02	9.940301485084363620e+00	3.108319110163774823e+00	5.025418298174230358e+00
4.230607380203821322e-02	9.976546490119567068e+00	2.206784886189145034e+00	4.474872223415587769e+00
1.691807831717540012e-02	9.943500140408703558e+00	3.003166228801379845e+00	4.900764409222063023e+00
1.356867950750739737e-02	9.966177709504366433e+00	3.289830633792084846e+00	3.603393937911476996e+00
7.128579418832714509e-02	1.001486141525036544e+01	2.161040834481533501e+00	4.773558336074671615e+00
6.155794530037184131e-02	1.001971697493660685e+01	3.124530657262041267e+00	4.835954278545727902e+00
4.799130955570518609e-02	9.993167658183105928e+00	2.811721190885094757e+00	4.828012950343975263e+00
1.249976357189055420e-01	1.015011463549454618e+01	2.814222528883013830e+00	4.890842992038102466e+00
6.350665301717128841e-02	1.003036813103457092e+01	2.948080978525850604e+00	4.240626197922068741e+00
1.834695162588673156e-01	1.019783979091644710e+01	3.340804169512017197e+00	5.112176123287525797e+00
1.421599228353329636e-01	1.017432905293538425e+01	2.444703974279661907e+00	2.370736403802936820e+00
5.449249302645853277e-02	1.002177316931923201e+01	3.650282092884069129e+00	4.886176612007943731e+00
1.651352073347567284e-02	9.941328091262255029e+00	2.884384478923547768e+00	5.078048098884238470e+00
1.609386875260554461e-02	9.951493141224512229e+00	3.269997013844931466e+00	4.282791444463583730e+00
6.429743859163039588e-02	1.004656687501366541e+01	3.355881759533566822e+00	4.435302121144445664e+00
1.615875515182594313e-01	1.022363014241696888e+01	2.252988124708325657e+00	4.955319469656700448e+00
1.383224195156600445e-01	1.017181459123927745e+01	2.586090941535489129e+00	5.001520532042860623e+00
6.687072805249982821e-02	1.006967430474665193e+01	3.084485728300498053e+00	2.780649823103345852e+00
1.827419957113392002e-01	1.019640720512225940e+01	2.201065520407913034e+00	4.681215821829738388e+00
1.214214391530248349e-01	1.011338951736062342e+01	2.212238930933518866e+00	4.964050925982093077e+00
9.470163631180383845e-02	1.010381886352477387e+01	3.739587525319043593e+00	4.756841923239505832e+00
1.621953544374008516e-01	1.021789853177029883e+01	2.158473085413358028e+00	4.387946275620038250e+00
1.633910309033126396e-02	9.936462239853909750e+00	2.611557038124649566e+00	4.939754670872702036e+00
1.307195981634663440e-01	1.017566953586667822e+01	3.506522830016957748e+00	4.804086873744637387e+00
1.646183406107510905e-01	1.022349166285953892e+01	2.201285132396495925e+00	4.833058579379013509e+00
1.949649462746663175e-01	1.021363804948268950e+01	2.441109877429954444e+00	4.912983983384890507e+00
3.290605568111715229e-02	9.977501869735768025e+00	2.666834755606766194e+00	3.944928320081231732e+00
4.507691944861846878e-02	1.001183722410200438e+01	3.219160425079188315e+00	3.710436615842439778e+00
1.965577494309229678e-01	1.020064485491165485e+01	3.402765601573683796e+00	3.272314182986235664e+00
1.427201649445706266e-01	1.018867810439483357e+01	2.379890651642300625e+00	4.721535843465403559e+00
1.912885102467498655e-02	9.951451406936463684e+00	3.115988862528897840e+00	4.992628018058951511e+00
1.299011292122926875e-01	1.016325310617021849e+01	3.318636247340703171e+00	3.613249245827148570e+00
1.938514414464762581e-01	1.019516983464675164e+01	3.628424474296618740e+00	5.050922974843189195e+00
1.767345222441178976e-01	1.020864008434932124e+01	3.789129030283593380e+00	5.085223722123600965e+00
8.348339620974343234e-02	1.006408818853356557e+01	3.177411886115252493e+00	5.002666544116863179e+00
7.386631983324321027e-02	1.008056684652936674e+01	3.568212785919949503e+00	3.743167700369667728e+00
1.340380084635413027e-01	1.016158804420496331e+01	2.813887028610119856e+00	4.859316619995837527e+00
9.712648463118966902e-02	1.011192904998734932e+01	3.317976967570050562e+00	4.514423797825401152e+00
1.705447863372882011e-01	1.021711007183105124e+01	3.618597327645633577e+00	5.110696775989453045e+00
2.011833087017151911e-01	1.021626345327675800e+01	3.123657449587848411e+00	4.798411899799049252e+00
8.266865196912931424e-02	1.004990403899744855e+01	3.002914699490196959e+00	4.959213051302668873e+00
2.857771995594049486e-02	9.968710907906201513e+00	3.204413071535823221e+00	4.858475750334946497e+00
6.697250183289327197e-02	1.006477016783725276e+01	3.129418587329538148e+00	3.188403142041266847e+00
9.569357311497128649e-02	1.009441950376933583e+01	3.110505241880360039e+00	4.679292279220447881e+00
2.022858946461667529e-01	1.020390470027264662e+01	3.501307694308390950e+00	2.829068554148278736e+00
1.093804897992853853e-01	1.014115128845737601e+01	3.924751798222858135e+00	4.686190978271270069e+00
8.063790208325372078e-02	1.008355143862413961e+01	3.388859359741780430e+00	3.847643215561305396e+00
8.170000706662960965e-03	9.936802974115650500e+00	3.037534803874581080e+00	4.924699949441617264e+00
6.013466714639292832e-02	1.000673563823287537e+01	2.658571152425184714e+00	4.897125147153587932e+00
1.696442723784485906e-01	1.020589952643951115e+01	3.668447233728840295e+00	3.142357504279516434e+00
6.518427392388304042e-02	1.000797767379160597e+01	2.446171304687290160e+00	4.828593962416249497e+00
2.022873247032634936e-01	1.020413794656971262e+01	3.521030429974026710e+00	4.619892954743022528e+00
1.933043598340660196e-01	1.020323841210156601e+01	3.633570585760288019e+00	4.109745899289691806e+00
1.970582460759686683e-01	1.021377425643118464e+01	2.963610711209036630e+00	4.909923584401127528e+00
1.667731225039617016e-01	1.020017792346848573e+01	3.673399857632160703e+00	4.982011615440285368e+00
4.418999370804499449e-02	9.983073009825508493e+00	2.734803446951663553e+00	4.852293532076600968e+00
1.890681911277241056e-01	1.021070407835563465e+01	3.816793249225735707e+00	4.888304803548351174e+00
1.768583354104862337e-01	1.021290202019760684e+01	2.721535924797078287e+00	5.027484100211268014e+00
1.321924207914264571e-01	1.016531957979611001e+01	2.548510259252367405e+00	4.802316743391088494e+00
3.567495148232069369e-02	9.969927258655358671e+00	3.095020674975295982e+00	4.942962608532525337e+00
1.831625416376780890e-01	1.020027579129783035e+01	2.248163181598670235e+00	4.838579572365915737e+00
7.925077631320931459e-02	1.003383479410720902e+01	2.114258551813335885e+00	4.511260414889534331e+00
1.587232209068574207e-01	1.021486685574527620e+01	2.828481256228032592e+00	4.774309365315474452e+00
1.961625137363469662e-01	1.020446495057745651e+01	3.313988885473892587e+00	4.085450835586755147e+00
6.990379121290857256e-03	9.933002522348488128e+00	2.982092636443154809e+00	4.868686775021927815e+00
1.354062190939870902e-01	1.016894908801288366e+01	2.718728483671799978e+00	4.780673996211675103e+00
6.287166574904290428e-02	1.003429169292638257e+01	3.165303256191278614e+00	4.440714282321891915e+00
1.087295633655926963e-01	1.013911436826991341e+01	3.590927195380067438e+00	5.079691406499279083e+00
1.254947745578434137e-01	1.015426207776641832e+01	3.461370541261188372e+00	4.718230685946821268e+00
2.678173062458455433e-02	1.000559482207683182e+01	3.344134150903235181e+00	2.949165150126816570e+00
7.704298970030265536e-02	1.003801763669445890e+01	2.643154036236944116e+00	4.793693819234960074e+00
5.342352686693629948e-02	1.000687253540400690e+01	3.036920869717908644e+00	4.853973834417615763e+00
4.209811906937233061e-02	9.974578866422477930e+00	2.466066149357948767e+00	4.843465351739240532e+00
1.289102388389906650e-01	1.015022717677143760e+01	2.561948110670619450e+00	4.891208619056641282e+00
1.080153285764708926e-01	1.012691337574319483e+01	2.888789480122338382e+00	2.758858039534970885e+00
2.436201946147775743e-02	9.999778023923385106e+00	3.454245573948585779e+00	2.506463058687501189e+00
1.891661515465585808e-01	1.020749680439751650e+01	2.575388295265714333e+00	3.235971091062708638e+00
1.846348060814619885e-01	1.020551329145964203e+01	2.979873204239940954e+00	5.118188701291160214e+00
3.849292274622229115e-02	9.973315477417557418e+00	2.350745037130040238e+00	4.369666729466700872e+00
1.602708482475847518e-01	1.022056300685301089e+01	2.142307270082199011e+00	4.923150906868954735e+00
4.641649128107161459e-02	1.001484392999974027e+01	3.376721758066702606e+00	3.846166549308321692e+00
6.681304600356696710e-02	1.007242116541755550e+01	3.238542119564009170e+00	2.927091019787638970e+00
1.501118040587456903e-01	1.018878438738435044e+01	4.044140797713303037e+00	5.051792019173859671e+00
1.109676343629146800e-01	1.013153304898772156e+01	2.826232965145394793e+00	3.626078808751941551e+00
5.894270186705341530e-02	9.997642947077476805e+00	2.119564356099250091e+00	4.806553890021689313e+00
9.736400790619370582e-02	1.008395940149798164e+01	2.284050840287780382e+00	3.869416916965974451e+00
5.502202827627655779e-02	1.000596587696951900e+01	3.150649612041855008e+00	4.948343205024087865e+00
4.737382805218004478e-02	1.000669619234158780e+01	3.695788441202137342e+00	4.763744873639325306e+00
1.261941811307067951e-01	1.016192625571240526e+01	3.625652163333397127e+00	4.931516373787786733e+00
4.403803612881773688e-02	1.000025470899166713e+01	3.576707745889574852e+00	4.953706669558187059e+00
8.495213268919599159e-02	1.008161302161648010e+01	3.478070201559424923e+00	4.777857428004693929e+00
3.223707369237871490e-02	9.994920134422283553e+00	3.359270428919742812e+00	3.783943453189493766e+00
9.325557638918979819e-02	1.012229094596426648e+01	3.453920917989147021e+00	2.849954698461402813e+00
1.252749115648725819e-01	1.015350221135985187e+01	3.759271693675330539e+00	4.973009753692053891e+00
4.358874036564941434e-02	9.997911606064088019e+00	3.370528427808530125e+00	4.913828505370730682e+00
1.157050552861846882e-01	1.013525955705529924e+01	2.483937920317584869e+00	2.661254734833647717e+00
1.692587258251165849e-01	1.020493614655180359e+01	3.427929718731333786e+00	5.024200633093471424e+00
7.126667533113817399e-02	1.006229154941066462e+01	2.423595363687755189e+00	2.449733224276229748e+00
8.359359732689597422e-02	1.003252222405643046e+01	2.064612136032844880e+00	4.890694527204971109e+00
1.064233142623507433e-01	1.013173829778506807e+01	3.574693054420160720e+00	4.833871126231144899e+00
6.049321866555601446e-02	1.003598480665803372e+01	3.415067033280149822e+00	4.075384409763159965e+00
4.895101062867013297e-02	1.002549245123130106e+01	2.994585138634870525e+00	2.971596200119051900e+00
1.639832735859414470e-01	1.020835395389823397e+01	3.427793184654725600e+00	3.049059417060590249e+00
1.428501901311847178e-01	1.017993484047548769e+01	2.719432112392362377e+00	4.907169392149427267e+00
1.024876764992228573e-01	1.012515736892795282e+01	3.303234802196969966e+00	3.797262472984130000e+00
2.159302469001289637e-02	9.963907006416850010e+00	3.187271879462071134e+00	4.249472663474165302e+00
1.433335199076708477e-01	1.018738820011709656e+01	3.757595309874105283e+00	4.534640223427516048e+00
1.372622728900552147e-01	1.019016976325130841e+01	2.933536453432143531e+00	4.073422785658209477e+00
1.743220530025979542e-01	1.019749527833412373e+01	2.527609942457364589e+00	4.892712797665836888e+00
2.032498795572195149e-01	1.020731635397092418e+01	2.456225055463529650e+00	2.974455679203742875e+00
1.160917348149794748e-01	1.014080821544601285e+01	3.309152188580729792e+00	4.901192253416070344e+00
9.408041087773710842e-03	9.935571849041831882e+00	3.038939080765801215e+00	4.880487165725924115e+00
1.038770520162017874e-01	1.013678125651321693e+01	3.305948538350235388e+00	3.068157819279775822e+00
4.590156594580463434e-02	9.985641924030510097e+00	2.987620578445773667e+00	4.936182371303033278e+00
4.010288730300715088e-02	1.000875691076813290e+01	3.109917464072179172e+00	3.655480383523041610e+00
1.001405736327924956e-01	1.011064267471668288e+01	3.338043062607162881e+00	4.738293561313554392e+00
6.228294708154180626e-02	1.002366663088695553e+01	2.834028243759158627e+00	4.663126370618158489e+00
1.367624357342407393e-01	1.017856863468466067e+01	3.069897037783102078e+00	4.058654666605292505e+00
1.049173455879710559e-01	1.010654176209687627e+01	2.986682390118286179e+00	4.932646806905665926e+00
1.333233748570705757e-01	1.017031098881722428e+01	3.450408243947509668e+00	5.004102162672182885e+00
7.296561893440411950e-02	1.003687382912675119e+01	2.822277519421034775e+00	4.866599413318255074e+00
2.030534982419851531e-02	9.945651504034557888e+00	2.933356492216854683e+00	4.899258263123016377e+00
2.592768459482641674e-02	9.957207276532875184e+00	2.828827780705697847e+00	4.840057073197584714e+00
1.956467091223359489e-01	1.018316793505393747e+01	3.021341907213460409e+00	4.536599144804938533e+00
8.260163382459495551e-02	1.006775988394169907e+01	3.384698166544398035e+00	4.872050740371179245e+00
9.939663186111147297e-02	1.012065940197901881e+01	3.565113547386282278e+00	3.529939611094107477e+00
6.250516580525555810e-02	1.002009913945361852e+01	2.736056158814211159e+00	4.485994384668913426e+00
1.146913595192131652e-01	1.011040361976746560e+01	2.378142137558151958e+00	4.826080047272796492e+00
2.064476511120716395e-01	1.020354320198086384e+01	3.685310386739081956e+00	2.995720377763120723e+00
1.753317203794964030e-01	1.020761807283087563e+01	3.271976287267635009e+00	5.040770915402760011e+00
1.350844520400187321e-01	1.017068715206931984e+01	3.886216863146591649e+00	4.998164925970257855e+00
1.065718740514967067e-01	1.013401596357248202e+01	3.391717991012360933e+00	4.754637993849541999e+00
1.483275578319194210e-01	1.021954772020911228e+01	2.154219871777029560e+00	4.735566178040471641e+00
1.525547727109781704e-01	1.020086990271963501e+01	3.602814033666700055e+00	2.895530742788906764e+00
1.267050608982600579e-02	9.951761570016859793e+00	3.186804058915263305e+00	4.410804438846156472e+00
1.430830079464158189e-01	1.018372014744148579e+01	3.808597925302647624e+00	5.045872142887077416e+00
1.823937827483916863e-01	1.021198927561581549e+01	2.574661930932738763e+00	4.185720645355644365e+00
1.260248882336938436e-01	1.011390970615406104e+01	2.136218001987401749e+00	4.944649107855013881e+00
1.182373663244433715e-01	1.012319177437878714e+01	2.614588114816770670e+00	4.921416267333341921e+00
8.934850887517598039e-02	1.005701040971172944e+01	2.469892661054453598e+00	4.903809695364031995e+00
1.137190030286916453e-02	9.943006330555071770e+00	3.070221875231693431e+00	4.463055752938032583e+00
1.037308645685541819e-01	1.011943130012090108e+01	3.073346248394489777e+00	5.037436760374390587e+00
4.352012499747814900e-02	9.997908855664753958e+00	3.080010386642034526e+00	4.661509419252666930e+00
1.548226679340416467e-01	1.019762906492676713e+01	3.789855799188624808e+00	3.885233933809786322e+00
6.915859509383892600e-03	9.927604351413528150e+00	2.903717955666487605e+00	5.013744537693526127e+00
6.383854889428164370e-03	9.929906157517683241e+00	2.933809775225641125e+00	4.756783125837728221e+00
1.069567564017148698e-02	9.945334172544466611e+00	3.150122714574322025e+00	4.471492072130018869e+00
5.177635285716775115e-02	1.000782433812290506e+01	3.181532810951297030e+00	4.594129804451796417e+00
1.872615099828394136e-01	1.021235989836911706e+01	2.988899697225011920e+00	3.082420453865694299e+00
9.615150333239341762e-03	9.947315246118463961e+00	3.257963289698653675e+00	4.657215576659950784e+00
1.043022504832578079e-01	1.010071410152680116e+01	2.658155925501030303e+00	5.001031270098337700e+00
3.151370444760459577e-02	9.958650752648420479e+00	2.334015270177798307e+00	4.780795911688443312e+00
1.789762706417263871e-01	1.020442718492724232e+01	2.057002779391917890e+00	4.947752852118867395e+00
9.645442286839767121e-02	1.009484628362972813e+01	3.450565756237732984e+00	4.870065753844755818e+00
1.820687998186016898e-01	1.019727082606340574e+01	3.268326575061146322e+00	4.326066951061221744e+00
1.834321848931779186e-01	1.020027270328892399e+01	2.238451053093501564e+00	4.847794261425605100e+00
1.854223047896610410e-01	1.020688022791564364e+01	3.563543340840871210e+00	4.174657781860560135e+00
1.969017170094957692e-01	1.020509455897893503e+01	3.496656745108333908e+00	3.571025166271766693e+00
8.432943716934460099e-02	1.003462274917762898e+01	2.164070862164813924e+00	4.855279018213792597e+00
1.060087713001394150e-01	1.012616298551206029e+01	2.828995990853743869e+00	2.925066160696502493e+00
1.109771803471346630e-01	1.012164162918951149e+01	2.701503264472014720e+00	3.551199088627214451e+00
1.891761216952332347e-01	1.020889606111133219e+01	2.223186534377481038e+00	5.031363668436625858e+00
3.650962570050353406e-02	9.985942814829268599e+00	3.410134481806930573e+00	4.601201790127277036e+00
4.146394238954087541e-02	9.989247476002608650e+00	2.900081318278762588e+00	4.584556560394105418e+00
1.152840021112240265e-01	1.013643711226278121e+01	3.242534857614911559e+00	4.406579330298683317e+00
2.273740239913024652e-02	9.968247579716283724e+00	3.369760086875782434e+00	4.510998517231882943e+00
1.074566088910344774e-01	1.012199695196428806e+01	3.058434587828283036e+00	4.864171579602896145e+00
1.132735550103731725e-01	1.010128274412447524e+01	2.355432920376988370e+00	4.892674799770702521e+00
9.410026552636452379e-02	1.004732233267008823e+01	2.013593263898523666e+00	4.862862954866329801e+00
8.777140575170960801e-02	1.009078050745010735e+01	3.704286125729616685e+00	4.907583540581839543e+00
1.716857856772477930e-01	1.020782388437647015e+01	3.837120149144641168e+00	2.394425782871024921e+00
5.483635454984181479e-02	1.005721003702216798e+01	3.253581946023292204e+00	2.508384228902173163e+00
1.002986847618387856e-01	1.008542505679365320e+01	2.796336068683461740e+00	5.048472182159940758e+00
1.126913392642165945e-01	1.011305060106628417e+01	2.719688319304491841e+00	4.882096683796191883e+00
1.683860962354515323e-01	1.020206491626683487e+01	2.320976170322905041e+00	4.665646838786358330e+00
1.834604062608136132e-01	1.020681717314152692e+01	3.123333018539583783e+00	5.185937789450377977e+00
9.735070857194472183e-02	1.011082726403972387e+01	3.172266745369713981e+00	4.907191589498950179e+00
1.194678860287865518e-01	1.010868049200751351e+01	2.119669072108550267e+00	4.711290139865440096e+00
1.656174402687042857e-01	1.021693694547881037e+01	3.462077079036066429e+00	4.950641625163484605e+00
1.441901709118127428e-01	1.019099285379309450e+01	4.059433280674404010e+00	2.707882005601049968e+00
1.521390653208314347e-01	1.019607955432838331e+01	2.724312952070715887e+00	4.202820389472520901e+00
1.042119756388117935e-01	1.012022729396789522e+01	3.383280768519423276e+00	4.644412704535596959e+00
1.707673736748560600e-01	1.022106013960816639e+01	2.215009145891435161e+00	4.720246540935647772e+00
8.081472445269355376e-03	9.937287305543787141e+00	2.988154593233717904e+00	4.892730614746739093e+00
1.823910661967431679e-01	1.021818487241413465e+01	3.314961733598333460e+00	4.576516183483818168e+00
1.918073743424031363e-02	9.987023156112144306e+00	3.365228052323968377e+00	2.960545198381055343e+00
1.310916757697810908e-02	9.941037669270013311e+00	2.930110730529296603e+00	4.965814327023025498e+00
1.445251778004035259e-01	1.018398080113772863e+01	3.406149451637847214e+00	4.957979664275939058e+00
4.170817323539921517e-02	9.970008696121347214e+00	2.481738021524332538e+00	4.931126853924325815e+00
6.655406116740181233e-02	1.005500245156347461e+01	3.164168499649346877e+00	3.505095948281194751e+00
5.710250230470137467e-02	9.990199543783429448e+00	2.145769863642291497e+00	4.932990332099222996e+00
8.519092423436802619e-02	1.007856621423657018e+01	3.370033349788147170e+00	4.835832812119548407e+00
8.439028150340277534e-02	1.007494665897691988e+01	3.544797194621085445e+00	4.826503397092892556e+00
1.480627569739922933e-01	1.019991955979192966e+01	3.581490987500020928e+00	2.944233072330206369e+00
1.453937528737156981e-01	1.019121044361576978e+01	2.305066232258107028e+00	4.730640965568994716e+00
1.073936327574784855e-01	1.012121688893933147e+01	3.465339577637495339e+00	4.749502458967299390e+00
1.720385255188006113e-01	1.021131815805541265e+01	3.669190743963504531e+00	4.249853680530918609e+00
9.837122867310910124e-02	1.009071621383171724e+01	3.017766535145712581e+00	4.886054839440788555e+00
1.354645925112691884e-01	1.017916537229694640e+01	3.032607423773098887e+00	3.231193186346331458e+00
1.042445367214384078e-02	9.934995405606356300e+00	3.013163631530311193e+00	4.807761126983933764e+00
8.704504190315986989e-02	1.007852420442431196e+01	3.494701044737337448e+00	4.877694102555864220e+00
2.167343757599127230e-02	9.987458473711518181e+00	3.275781929779536306e+00	3.036263596770709228e+00
1.585920048029336726e-01	1.021486606577554213e+01	2.322546147436351127e+00	4.882910545268600799e+00
2.195822963712856790e-02	9.954012144351688463e+00	3.328987247630228907e+00	4.954633149651215263e+00
1.164156263933264768e-01	1.012759403392287361e+01	2.703768983102234458e+00	4.966908638244348140e+00
3.893113569237272031e-02	9.985010395993500154e+00	3.196349518530287703e+00	4.763836883503046238e+00
5.160403854194584028e-02	9.985530321804889198e+00	2.433742921556987682e+00	4.953920766364689143e+00
1.819406463587682765e-01	1.021311969006485398e+01	3.688574455090888549e+00	4.422129388994079591e+00
8.305197873402647701e-02	1.007494204333248256e+01	3.732333194025784451e+00	4.944686533228662029e+00
7.207416554464884939e-02	1.005729680698043182e+01	3.365743414865791650e+00	4.758737730300794055e+00
2.168144272581429277e-02	9.995819483047554854e+00	3.439822864840873073e+00	2.743051105500853737e+00
1.111978181825747924e-01	1.010171023600216778e+01	2.227055064933217032e+00	4.789862058052477778e+00
1.344399903024395826e-02	9.941848419031979134e+00	3.098868067850637509e+00	4.902663037142303892e+00
3.630928693871027235e-02	9.970454680599521780e+00	2.690131050707633698e+00	4.841525987144194687e+00
1.453281720863941473e-02	9.965666683494587730e+00	3.407644944863434056e+00	3.530022436023045884e+00
1.130462180269020678e-01	1.014909458135548270e+01	3.400713463968733308e+00	4.641923581991449055e+00
1.532777554149049593e-01	1.020499308442689212e+01	3.290089561798618334e+00	4.957980514173016218e+00
9.147255475561166804e-03	9.931286574917812970e+00	3.070457315020735045e+00	4.993162145575837485e+00
1.324472770061220217e-01	1.015978508193226837e+01	2.774878778747534191e+00	2.140496925458592159e+00
9.454246771693419760e-02	1.011454079586904697e+01	3.545679266254105677e+00	4.920134306032338145e+00
1.377513334620559249e-01	1.018871444933876269e+01	3.199694996039639250e+00	4.833427359163692927e+00
1.952218300070356349e-01	1.020712926196011594e+01	3.671520134658766921e+00	3.228663601073520795e+00
8.542385614828162943e-02	1.007127353930092895e+01	3.357438341179589614e+00	4.896519543584958001e+00
6.993452942634093006e-02	1.008059268606046821e+01	3.076125507307369666e+00	2.121520616589293695e+00
1.292572998878824819e-01	1.016899206122731769e+01	3.493079114721069800e+00	4.912355464256080495e+00
9.989933716462928714e-02	1.008869226149882081e+01	2.704634753823491167e+00	4.909245358651958213e+00
9.414313735682355855e-03	9.941544902667519779e+00	3.076336227795698264e+00	4.524590841362368110e+00
8.492572521916486039e-03	9.931778858958296041e+00	2.878031457708674523e+00	4.920450798922303193e+00
6.834332305447787803e-02	1.002163229124067634e+01	2.859953562858021492e+00	4.929027788533431931e+00
6.011452700935393523e-02	9.993940535084254506e+00	2.080013354767118905e+00	4.833008303941483064e+00
1.043181133350614687e-01	1.012557451321949564e+01	3.181378498481183037e+00	3.584867071433194496e+00
1.347872718500298106e-01	1.018010466115710777e+01	3.615605194672981249e+00	4.875400463144472951e+00
1.019450038050635499e-01	1.006081257540007456e+01	1.994447520283329611e+00	4.978509893942430153e+00
4.147216529370467697e-02	9.994108360367661703e+00	3.256459892616783591e+00	4.789938143424791406e+00
1.222976881900947888e-01	1.013356518878567947e+01	2.891446412357450590e+00	5.063913173237438059e+00
1.625715568103913711e-01	1.022047029091698001e+01	2.653740623427098377e+00	4.687807770004837948e+00
3.968952196219532880e-02	9.982786399893358364e+00	3.160654873638356399e+00	4.853850125275926075e+00
1.177536348736580862e-01	1.014929547961083145e+01	3.168885045997032357e+00	4.045462011069020036e+00
5.011390924374836686e-02	1.000495148273446944e+01	3.309103502543341513e+00	4.857529580093171262e+00
6.725621960649874609e-02	1.004269134505722505e+01	3.772749299091421094e+00	4.846873782692739496e+00
1.314686638512583272e-01	1.015674829768638965e+01	2.456232182827111643e+00	2.813921583446784780e+00
4.253548371171689269e-02	9.996537574062243081e+00	3.404915196460939875e+00	4.891868556499503029e+00
1.306726218595599676e-01	1.017128260689660380e+01	3.621927515749739257e+00	4.946034950490400206e+00
1.431483935380271078e-01	1.018249089925550521e+01	2.102026261999228929e+00	4.971038229421424148e+00
8.317606656087406236e-02	1.006284865704301801e+01	3.059698605327686671e+00	4.961573746153533193e+00
3.282089120379794167e-02	1.000033402834711183e+01	2.872673921500623173e+00	3.043348197627068430e+00
1.716806517919167163e-02	9.983254893199193347e+00	3.315378490534787836e+00	3.365059140872290300e+00
1.921947255930405163e-01	1.021653410725537370e+01	2.933534537750387194e+00	4.990128082231876760e+00
1.050801401364083176e-01	1.013755164903006545e+01	3.333265489095598610e+00	4.791583767481938594e+00
9.108804587129526453e-02	1.007722930033772180e+01	3.148715160260128876e+00	4.926195598934697273e+00
2.415125014880459275e-02	9.958398378812390206e+00	3.222040791134929805e+00	4.567187730979895832e+00
6.703419587404368940e-02	1.003466458860405730e+01	3.300632708436221030e+00	4.960872076295771649e+00
7.797378060490700591e-02	1.002451385070278178e+01	2.210256722395189222e+00	4.963389842139918073e+00
1.667720672086332456e-01	1.021484033196847463e+01	3.162700601142043766e+00	5.048476469897451580e+00
9.143847074891908733e-02	1.010135805216966887e+01	3.765333331225442670e+00	4.825053134697895985e+00
1.795898446777499657e-01	1.021125730336877524e+01	2.898736760785346256e+00	4.915697677387839803e+00
1.179522591309734025e-02	9.939987449831871658e+00	2.944068933927239229e+00	5.009007010139299609e+00
5.515314922051572921e-02	1.000076070336916878e+01	2.800240204960185331e+00	4.944178956987599349e+00
1.366017659649543248e-01	1.018703803508472738e+01	3.078703786097044315e+00	4.354027538287994048e+00
3.007245080978293572e-02	9.961089259313444799e+00	2.435077353662484789e+00	4.807523518458538092e+00
1.402112299480933189e-01	1.018487628123010325e+01	2.777706635600268648e+00	4.915202140284492316e+00
9.176189289759406620e-02	1.004462624408131255e+01	2.006242578133556442e+00	4.943360022842369972e+00
1.175642564909296084e-01	1.015801146616332495e+01	3.517818832904469950e+00	3.740797941426791340e+00
1.967025165692604105e-02	9.954522576653500820e+00	3.222968704864337397e+00	5.001301178724474994e+00
8.337945646595557037e-02	1.006962244488835445e+01	3.069765020768618236e+00	4.217161123023828395e+00
1.027775283751140023e-01	1.011122195984705385e+01	2.819730788909421193e+00	4.572402265666653420e+00
9.907883835845154863e-02	1.010361874442358499e+01	3.302224639896224723e+00	5.062132676525607167e+00
6.208040072731080272e-02	1.000689617764268569e+01	2.646323828261495592e+00	4.919362394161851171e+00
9.933220763122818653e-02	1.008742135163778819e+01	2.288896114779880975e+00	3.649245094852233251e+00
9.636085388726911560e-02	1.005931507441578532e+01	2.265196101497179981e+00	4.972038610014323012e+00
2.929272539015670418e-02	9.982862390149399801e+00	2.914058651415611045e+00	3.721467104814820459e+00
1.563574419450048936e-01	1.020759534308473526e+01	2.384545899518333734e+00	4.996715514668380820e+00
2.683954094990781414e-02	9.951658553948997010e+00	2.689263866693288207e+00	4.964259598379697991e+00
1.488607834036557165e-01	1.018461646558592193e+01	3.785709474432393584e+00	4.928536925639775745e+00
1.030826521219694314e-01	1.012071424345416126e+01	3.391618018064491480e+00	5.024609316614203181e+00
1.427172015676134720e-01	1.018929197127052078e+01	3.016094469736744443e+00	3.818053198463871922e+00
1.003874846448198355e-01	1.013387520049464463e+01	3.778055873952727239e+00	3.803642795530123522e+00
1.329961772175067836e-01	1.014200726557892196e+01	2.338469485486228017e+00	4.954962441281878682e+00
4.455527053421093342e-02	9.972085939390382237e+00	2.132947044610735254e+00	4.893835403588298050e+00
1.123131785821129824e-02	9.938998756163675452e+00	2.978928199016355194e+00	4.881662531828624196e+00
1.796044383266490740e-01	1.021907593020528537e+01	2.938897296653676605e+00	4.927088907285934738e+00
1.262844771229936214e-01	1.012790559804628820e+01	2.562853922484096714e+00	5.012327224729375530e+00
2.028156128546925174e-01	1.020564386244925004e+01	2.727489613127400681e+00	4.870825888378902846e+00
3.434328285692345162e-02	1.001617194028583668e+01	3.285043847737700418e+00	2.641266244413969844e+00
1.441963321246859664e-01	1.016164483340589619e+01	2.351848100510910200e+00	4.829744889298297039e+00
1.953766291217249318e-01	1.019816574327058056e+01	2.962331987912778963e+00	4.938372400015481389e+00
1.852182723576092371e-01	1.020863237344727636e+01	2.117146805922284436e+00	3.854283963991775863e+00
8.055609765913374076e-02	1.007233349469518302e+01	3.829140220466208611e+00	4.849198014880926166e+00
6.656951204089267549e-02	1.002778452065145132e+01	2.758639606511366971e+00	4.518341455273173324e+00
3.349919081755103889e-02	9.956685364180506426e+00	2.178288394616794577e+00	4.907972742417172185e+00
1.750468080421967443e-01	1.022728816607453517e+01	2.951584359747867481e+00	4.681417441931955636e+00
1.861656327191454352e-01	1.020741796443131655e+01	3.749942999990635961e+00	3.948820244152500436e+00
1.409862866455782182e-01	1.018874019445437185e+01	3.914213438014141566e+00	3.824842457185923195e+00
6.257610874860830563e-02	1.002750389155045063e+01	3.014472279853972481e+00	4.823813458020481448e+00
6.746169732329576618e-02	1.006560408142473761e+01	3.068842691628497654e+00	2.678403724034609468e+00
1.846113970658365133e-01	1.021105268863055926e+01	3.634363171224994637e+00	4.764263521281577596e+00
6.116373415338216546e-02	1.000703554853394017e+01	2.534659832324984485e+00	4.904192326559382309e+00
1.803968646670170983e-01	1.021363012427918981e+01	3.181321574869362401e+00	4.393713996493261220e+00
1.869791599548094041e-01	1.019738363980077267e+01	3.568304958494092460e+00	4.188552664811197701e+00
1.418324037387250769e-01	1.016724816056143332e+01	2.222524405740372799e+00	5.155114640890303690e+00
1.071745305842597418e-02	9.947674044593036058e+00	3.090700580972838729e+00	4.789573879547845081e+00
1.508804606655687053e-01	1.020132968763482495e+01	3.492307249912132150e+00	5.005899689921250229e+00
1.237613763439782133e-02	9.945558696722974545e+00	3.088814802518979441e+00	4.909549174840009300e+00
1.617253256916768578e-01	1.019532187963763903e+01	3.958013410205712290e+00	5.052231536141846391e+00
1.014616737236551103e-01	1.009152956999198203e+01	2.253063258252186785e+00	3.911653037456432003e+00
1.366719254115338344e-01	1.018800815209239374e+01	3.533846047912182264e+00	4.862671018228411413e+00
1.586342598217100885e-01	1.021880240425014819e+01	2.299145186831133003e+00	4.869576900389432694e+00
1.160435699352078132e-01	1.014406962211024954e+01	3.340802884519577631e+00	5.175943316771139280e+00
1.810600353687590314e-01	1.020794847975636088e+01	3.067895347206870404e+00	5.025742426986283817e+00
1.010857343426181387e-01	1.007387580981198916e+01	2.085616859826745717e+00	4.381700913961850574e+00
1.226552488341425828e-01	1.015224614328463737e+01	3.171424335936013250e+00	4.883419942489553023e+00
2.910674170266247529e-02	9.968998526171809260e+00	3.260164176143652170e+00	4.842045500831062554e+00
1.167574989629116544e-01	1.009736748960903618e+01	2.092704149075898634e+00	4.980033103600362665e+00
1.578548941876292133e-01	1.020103828940705704e+01	3.625110387624128627e+00	2.723706538059218474e+00
7.706585682761613043e-02	1.005661468409705428e+01	3.326444241463304863e+00	5.001475163653964273e+00
1.820901568859696340e-01	1.021809032516341986e+01	2.313861004493610984e+00	4.919243107820221894e+00
1.794497869095650344e-01	1.020410398696223453e+01	3.855577785064320473e+00	5.325228935725192514e+00
2.681037734357261115e-02	1.000461001552797313e+01	3.538900428469309745e+00	2.435837864617610649e+00
8.009937527754829034e-02	1.006196638568145474e+01	3.032739104678002562e+00	4.386363754099733114e+00
1.338179649592419196e-01	1.015063463733062754e+01	2.496070461114426209e+00	4.756856160357131103e+00
1.172449442411291898e-01	1.015254565685985000e+01	3.507455580179519750e+00	4.916741665988894283e+00
1.216329195346261827e-01	1.016641544280834175e+01	3.932513314513917280e+00	4.623313482126434337e+00
4.635671691320908394e-02	9.971170496160505436e+00	2.010568607167522615e+00	4.855963183677289408e+00
8.041993874416419885e-02	1.005180439465635089e+01	2.902634426715657412e+00	4.888483031633086284e+00
8.043081090079340356e-03	9.942438705994243620e+00	3.199970997007057782e+00	4.790300383894532388e+00
1.231191788464371939e-01	1.011432035203164759e+01	2.258150310428053587e+00	5.030626905831525164e+00
2.274664919509916672e-02	9.956057210384564371e+00	3.113947547352721834e+00	4.966183140253747297e+00
8.636950102924600969e-02	1.007623311031434277e+01	3.284760851185661856e+00	4.903693544750865385e+00
1.592066367466600241e-01	1.020565899514380170e+01	2.745187728258588145e+00	5.012962409172104117e+00
1.064083488021481116e-01	1.010402799300227450e+01	2.817802562793605858e+00	5.024842030434001572e+00
6.009667036934729367e-02	1.004139356313759812e+01	3.489744841136754872e+00	4.079736000800778584e+00
9.025430948609169945e-02	1.010764189750562103e+01	3.883081520404860321e+00	4.673902784259553300e+00
1.123751351144122168e-01	1.012697693480937033e+01	2.436001304036943260e+00	3.341331456656490673e+00
1.513299998447408257e-01	1.019924961111759387e+01	3.559134624689501258e+00	4.974286645016519515e+00
7.135760757348208472e-02	1.003408345694804105e+01	2.770915634814819839e+00	4.518092354655607323e+00
7.482521246979700891e-02	1.009445259031613240e+01	3.493364660495374530e+00	2.672055733115485054e+00
1.147342814586025384e-01	1.011532753527773387e+01	2.488951437450229065e+00	4.747601780150262130e+00
1.805428445844370344e-01	1.020846980595158016e+01	2.217852331318089121e+00	5.033748364957403965e+00
7.502729529031171296e-02	1.003655072458895248e+01	2.922871995671326495e+00	4.865249113675758963e+00
7.867482289036331622e-02	1.005195507058586024e+01	3.137692490282980806e+00	4.990943622892956455e+00
6.061242846774916870e-02	1.002178136661546404e+01	3.347744174760017621e+00	4.948058088835097124e+00
5.982978614345313417e-02	1.001231272880795586e+01	2.567042312512197277e+00	4.504389367945861977e+00
1.202240384067962964e-01	1.016197953121900177e+01	3.850071625492583749e+00	4.838193734939352453e+00
1.289311942437620928e-01	1.016575499824381623e+01	3.256478228114651152e+00	4.216088942263553463e+00
2.965295813510238077e-02	9.977563921085600640e+00	2.747164729958185170e+00	4.144803023187080271e+00
1.901532306240270032e-01	1.018962378307686301e+01	3.992238282811454653e+00	5.024464707688480303e+00
1.069802089634208642e-01	1.011850899832654171e+01	3.459745931266878571e+00	5.060329844375303310e+00
1.172894165733779914e-01	1.014856334621438094e+01	3.517845376856176820e+00	4.674604117454805419e+00
1.348716935952083418e-01	1.016607146027594055e+01	2.603417159430547301e+00	3.795517954351907974e+00
7.084230567513571941e-02	1.007215248532610907e+01	3.354128223501629869e+00	3.580893349248668756e+00
4.194201222216520364e-02	1.001394556989992957e+01	2.664792782183829978e+00	2.851166936740611391e+00
1.243079556640225292e-01	1.013179302645232660e+01	2.378207692973136389e+00	4.919583850658767687e+00
5.661253674673361047e-02	9.994213846518496425e+00	2.277182356040494682e+00	4.885779270351292780e+00
4.089024126901108502e-02	9.978224071801545136e+00	2.755728562042840224e+00	4.879137148894756137e+00
1.386039366464260070e-01	1.017720567558802891e+01	3.485572955506303749e+00	4.998060070057903204e+00
1.737718264520466960e-01	1.021003300633383581e+01	3.063755415900907053e+00	4.911638181172321538e+00
6.394904928973232927e-02	1.001553245696143257e+01	2.637883530186916126e+00	4.838719367961090256e+00
1.073323686871106020e-01	1.008470451306352622e+01	2.107483723819421506e+00	4.679807193701577717e+00
7.762968815967496994e-03	9.928670378696565990e+00	2.934636797137015307e+00	4.886698736252554909e+00
3.233705820350962767e-02	1.000990464686150005e+01	3.339981138531592286e+00	2.886110659079321294e+00
8.993289244409652383e-02	1.010303904339375514e+01	3.465754066135025013e+00	4.302130248205230600e+00
1.986888001331976739e-02	9.957470940139193871e+00	3.277819033042714381e+00	4.896271096944673218e+00
8.081943726814699858e-03	9.937392620056606063e+00	2.861436228235171519e+00	4.934063779604258571e+00
8.330836097965743647e-02	1.004234005815068365e+01	2.223828439298988435e+00	4.577327426332601590e+00
3.001082458839476885e-02	9.972098110179576480e+00	3.415088696276544766e+00	4.887536783064973633e+00
2.274229257856319464e-02	9.962425150220045822e+00	3.203021774090526463e+00	4.785103663849724853e+00
1.200746348846593037e-02	9.939668698348329556e+00	3.017894026687038433e+00	4.919830438324709121e+00
1.106905586228208449e-01	1.009317211899075772e+01	2.445977484405643665e+00	4.931312151884895911e+00
6.251344907953182428e-02	1.004356744226168097e+01	3.722451303404167078e+00	4.760121270463912424e+00
1.009522336715207302e-02	9.944689139332501426e+00	3.210640799473413409e+00	4.376123760248759709e+00
2.576625636278606635e-02	9.952708746830541742e+00	2.589287566237755911e+00	4.903547846204020288e+00
5.445030723435451137e-02	1.001865058639737605e+01	3.740412797301944536e+00	4.902647575811471370e+00
1.492145832344675682e-01	1.018604065838806427e+01	2.038856871589933561e+00	4.910830013411214168e+00
1.841012876047969371e-01	1.020860837881431138e+01	2.226562884787733232e+00	2.346243584663795900e+00
4.342474782604455186e-02	9.987810916997673871e+00	3.094356004991468012e+00	4.987823790499078314e+00
6.496624326113931147e-02	1.001805431272656044e+01	2.822191990008141360e+00	4.986242325688607480e+00
1.463800338686596092e-01	1.018089111351869569e+01	3.423349168375017015e+00	5.131424276718263400e+00
2.804981279381024706e-02	9.977843284326709750e+00	3.140899456869304274e+00	4.482810307546714057e+00
2.332871592502527847e-02	9.959949854457823548e+00	3.277548279731351322e+00	4.749741507902854210e+00
1.924501554371573775e-01	1.020846064679773058e+01	2.167066089364090509e+00	3.225120675176924578e+00
2.694732589319670524e-02	9.960858100049806652e+00	3.318466315973281233e+00	4.979468890121012237e+00
1.777873466744921416e-01	1.021162146278527771e+01	2.377217866554723003e+00	3.921824386287994457e+00
4.996927151170638126e-02	9.988105394255708092e+00	2.323051041075752998e+00	4.638833453756120662e+00
2.221421914546795051e-02	9.957118999283711247e+00	2.729161081091438845e+00	4.210267247881830599e+00
1.454391157542147539e-01	1.020134184258208165e+01	2.564701051096544226e+00	4.885652119326550746e+00
1.712073295304605836e-02	9.956547738482877108e+00	3.290267975181530247e+00	4.324984192704988573e+00
1.346039561590472999e-01	1.016239923154794766e+01	3.062300222112805059e+00	4.877394594219936153e+00
2.184433148711661943e-02	9.955294774201163932e+00	2.764832087923981163e+00	4.839855279846489111e+00
1.055079965029221967e-01	1.009603106673508321e+01	2.823685466921354248e+00	4.895967666779142746e+00
1.823426231709390777e-02	9.985459274384080430e+00	3.452973818681535967e+00	2.906795250633052774e+00
1.260524827383449065e-01	1.012697330803887752e+01	2.403668412630471707e+00	4.875492381566033373e+00
1.719287859448570543e-01	1.020102196785717474e+01	3.586593952742007652e+00	4.990077090145348393e+00
8.182083951631113905e-03	9.934617234042123712e+00	2.909459903809700876e+00	4.937515329413741938e+00
6.028735186242073496e-02	1.002652356646347442e+01	3.608968325162797086e+00	4.908238276481341700e+00
1.537835458759886365e-01	1.020554780292167685e+01	3.071785300005627661e+00	4.970706578677322796e+00
1.225883775333613812e-02	9.948292935168069562e+00	2.903396396691537262e+00	4.455070583359002967e+00
1.777194631214058518e-01	1.020885302818930640e+01	3.691305093951045890e+00	4.174478945775348393e+00
1.328268681940514284e-01	1.017676480198477407e+01	3.708030679110285277e+00	4.574445512125834057e+00
2.045963410084539191e-02	9.970013074262455532e+00	3.052283449441953067e+00	3.970748184773839284e+00
1.499429632618785035e-01	1.020104068645925288e+01	2.724132988130068433e+00	4.026973661509543945e+00
1.434998444791446559e-01	1.018738048352059877e+01	3.885685800892663799e+00	5.237483001106596703e+00
5.096331945831167332e-02	1.000903586518818500e+01	3.411782649202909745e+00	4.892347614142181556e+00
1.383921212116234756e-02	9.950154654865592363e+00	3.096017285695404908e+00	4.437648812186552050e+00
1.029134650621301716e-01	1.007495894938883296e+01	2.258560057674628752e+00	4.903261265065538055e+00
7.882747237140108609e-03	9.932728459691114509e+00	2.924643409328330002e+00	4.920787677012611994e+00
7.056617931744568750e-02	1.005742643747521115e+01	3.619329726074067999e+00	4.716080010490514951e+00
3.956356607586286600e-02	9.987925280247909043e+00	3.370738853514606781e+00	4.926718444016671583e+00
9.143816835712215152e-02	1.010729399597892630e+01	3.435848216204147931e+00	3.509473835407618481e+00
1.679109115832346788e-01	1.024149536099238134e+01	2.091266552872948381e+00	4.878366193741641155e+00
4.144763872496071144e-02	1.001316234385951631e+01	2.720166015850887575e+00	2.737728466660314552e+00
2.423236375664572506e-02	9.998619720215938145e+00	3.578302156170056314e+00	2.350279225278796957e+00
1.550104464252441971e-01	1.020603249932719336e+01	2.581963766618680545e+00	4.377686132656606333e+00
8.253700769797944758e-02	1.006026521741667068e+01	3.064148188189180111e+00	4.950707089253057802e+00
5.161036231796600759e-02	1.000614328850731205e+01	3.592025967686827137e+00	4.994490695279154124e+00
5.835553119396763577e-02	9.993901174233000617e+00	2.340135100557966474e+00	4.964781468526751951e+00
1.516409738989210609e-01	1.019287035279427478e+01	3.028176495867675122e+00	4.616919003665572063e+00
1.566041249508529631e-01	1.019736646186326823e+01	3.663102193833508657e+00	4.639588863550812903e+00
1.117200596946332780e-01	1.010658921399024557e+01	2.347339856767796107e+00	4.867618227945484932e+00
2.672217226012207902e-02	9.967401027317968953e+00	3.230893864241703106e+00	4.788400958153403053e+00
1.537967223383489568e-01	1.022042641179343292e+01	2.450092450324358850e+00	4.982753856775786971e+00
2.003150145826282369e-02	9.955505176154989755e+00	3.232418592112555444e+00	4.933365830893762904e+00
9.247066409663773356e-03	9.933295647374063009e+00	2.979119524224906002e+00	4.885655375603903394e+00
2.029562611698381147e-01	1.021021806328964843e+01	3.772379289728784890e+00	5.040199188796492535e+00
3.155594869146938208e-02	9.987624226700397401e+00	3.220948222557689533e+00	3.972824151772755386e+00
9.107914283760010221e-03	9.936380579530627699e+00	3.098880404592641469e+00	4.959697485798727712e+00
1.630228393206323290e-02	9.951947123905004133e+00	3.049840887833968672e+00	4.922540892365560694e+00
1.427255683299009092e-01	1.018479553640380431e+01	2.598681648201046634e+00	4.907933104522754775e+00
2.075330179198431324e-02	9.955002608404845077e+00	3.095393060468714985e+00	4.895612016949712597e+00
1.681936774820655955e-01	1.020550484142101055e+01	3.402442828733551750e+00	4.432545998160094314e+00
1.667402382579581399e-01	1.022339431422200384e+01	2.522721941003663204e+00	4.282707059036198416e+00
1.362982453696446328e-01	1.016660172721994115e+01	2.621048174943976683e+00	4.248822286005633941e+00
1.726564489466397845e-01	1.021716423262363804e+01	3.712092539289514548e+00	4.287193895936553645e+00
1.121227295027011905e-01	1.011637889107664634e+01	2.132121077946226961e+00	2.832755221621397368e+00
1.640787448910145940e-01	1.019794200844552279e+01	2.911895640841154709e+00	5.077462180650002210e+00
9.201171488075488014e-02	1.008407241130276866e+01	3.163266044050939918e+00	4.871703687311253361e+00
1.851836938521032039e-01	1.019622630101295435e+01	3.834661546813650013e+00	5.314901902014781854e+00
1.166445089594958517e-01	1.015644185173361791e+01	3.171995220772620527e+00	2.952725331132313613e+00
8.407957923871833827e-02	1.005995564013401733e+01	2.607783478078782302e+00	4.361930305602328417e+00
1.574990341778175207e-01	1.020588885089330233e+01	3.709422449936812249e+00	4.934199844768471621e+00
7.703362879560415877e-03	9.929897652016768106e+00	2.896818223738231168e+00	4.941965062052361191e+00
1.065230244193315912e-01	1.013808007219110330e+01	3.657000414426761381e+00	3.935692751422948277e+00
3.003171218116307273e-02	9.965517890609671525e+00	3.348894074634069185e+00	4.798766483961628637e+00
1.251105660624176608e-01	1.016101731394480190e+01	3.207047502521176874e+00	5.057751350141700186e+00
4.039674579721719283e-02	1.003585359303287383e+01	3.353166150161877468e+00	2.140231975081121618e+00
1.234154712285686628e-01	1.015468618028246794e+01	3.209703829660147889e+00	4.929745480025758297e+00
1.542389247880819880e-01	1.019950138459532063e+01	3.510741937604628049e+00	4.427835333395194084e+00
1.980195238790116719e-02	9.971231622958251606e+00	3.001929203107907007e+00	3.903171650399286818e+00
1.952332751761787222e-01	1.020951087433846816e+01	3.239474143967503217e+00	4.943683039447648753e+00
1.718192413306525168e-01	1.020957801031138423e+01	3.374762510237015789e+00	4.467238516761142364e+00
1.779972260871574008e-01	1.020900888884859370e+01	3.607149893963177867e+00	3.968577718268250010e+00
